noire: 0.09363680677119349
blanche: 0.11099197955826601
grise: 0.09492521268242991
approchee: 0.062021177068484805
