noire: 0.06647895917484024
blanche: 0.10367782231897946
grise: 0.07982766376877358
approchee: 0.05269305998482047
